u=10,10,10,10,10,10,10,10,10,10,0,0,0,0,0,0,0,0,0,0,0,0,0,0,0,0,0,0,0,0
s=62.99,29.876,6.2915,0.7736,0.0646,0.004,0.0001,0.0001,0.0001,0.0001,0,0,0,0,0,0,0,0,0,0,0,0,0,0,0,0,0,0,0,0
l=0.00002,0.00017,0.00913,0.21441,3.05129,23.23249,73.49249,0,0,0,0,0,0,0,0,0,0,0,0,0,0,0,0,0,0,0,0,0,0,0
b=31.53,14.872,3.1741,0.3941,0.0294,0.0305,0.3821,3.1421,14.933,31.513,0,0,0,0,0,0,0,0,0,0,0,0,0,0,0,0,0,0,0,0
c=0.0335,0.3928,3.1618,14.898,31.515,31.484,14.935,3.1626,0.3873,0.0311,0,0,0,0,0,0,0,0,0,0,0,0,0,0,0,0,0,0,0,0